3.034154325723648071e-02
6.457315385341644287e-02
7.210747003555297852e-01
4.056521058082580566e-01
1.595723778009414673e-01
4.693096503615379333e-02
1.366251111030578613e-01
2.913906276226043701e-01
1.000000000000000000e+00
3.519241213798522949e-01
7.158876657485961914e-01
7.101633548736572266e-01
3.247072994709014893e-01
6.792719960212707520e-01
6.590530276298522949e-01
2.631577551364898682e-01
5.480388402938842773e-01
7.795559763908386230e-01
4.148224294185638428e-01
3.190081417560577393e-01
1.052642837166786194e-01
1.245095655322074890e-01
1.245095655322074890e-01
