patient_id:113993
[[ 1.         1.1061351]
 [ 1.         6.026754 ]
 [ 1.        19.631153 ]
 [ 1.        14.414541 ]]

patient_id:114127
[[ 1.         1.1061349]
 [ 1.         9.452153 ]
 [ 1.        19.419783 ]
 [ 1.        18.412481 ]]

patient_id:200057
[[ 1.         2.2589426]
 [ 1.        21.449076 ]
 [ 1.         5.8712764]
 [ 1.        25.677538 ]]

patient_id:200068
[[1.        1.6878704]
 [1.        2.2981784]
 [1.        5.2817287]
 [1.        1.3603842]]

patient_id:200122
[[1.106839  1.       ]
 [1.        9.017316 ]
 [1.        2.7948048]
 [1.        7.453232 ]]

patient_id:200133
[[ 1.1979392  1.       ]
 [ 1.         1.115376 ]
 [ 1.        11.034266 ]
 [ 1.2032392  1.       ]]

patient_id:200135
[[1.2101879 1.       ]
 [1.        1.4129748]
 [1.0819647 1.       ]
 [1.        1.3973231]]